date,open,high,close,low,volume,price_change,p_change,ma5,ma10,ma20,v_ma5,v_ma10,v_ma20,turnover
2017-12-15,26.7,27.01,26.19,26.06,0.0,-0.5,-1.87,27.154,28.985,29.673,0.0,102540.09,105421.98,0.0
2017-12-08,26.3,27.09,26.69,26.15,0.0,0.3,1.14,28.016,29.381,29.898,22612.48,112203.61,114984.26,0.0
2017-12-01,27.12,27.12,26.39,26.03,0.0,-0.77,-2.83,28.744,29.671,30.174,64039.74,123322.83,122182.85,0.0
2017-11-24,29.3,29.39,27.16,27.15,0.0,-2.18,-7.43,29.736,30.039,30.503,127434.88,137681.36,131599.36,0.0
2017-11-17,30.46,30.46,29.34,29.29,0.0,-1.16,-3.8,30.53,30.397,30.882,170420.27,148235.8,138440.66,0.0
2017-11-10,30.28,30.87,30.5,30.02,113062.39,0.17,0.56,30.816,30.529,31.123,205080.18,160094.9,144366.39,3.77
2017-11-03,31.48,31.54,30.33,30.0,207136.3,-1.02,-3.25,30.746,30.531,31.283,201794.75,158177.39,143262.71,6.9
2017-10-27,31.96,32.32,31.35,31.2,316975.69,0.22,0.71,30.598,30.555,31.512,182605.93,145214.76,137962.38,10.57
2017-10-20,30.78,31.48,31.13,29.92,214926.95,0.36,1.17,30.342,30.425,31.664,147927.85,124749.35,125213.91,7.16
2017-10-13,30.21,31.0,30.77,30.14,173299.55,0.62,2.06,30.264,30.335,31.777,126051.34,115484.54,119164.73,5.78
2017-09-29,29.68,30.17,30.15,29.43,96635.24,0.56,1.89,30.242,30.36,31.975,115109.63,108303.88,115599.31,3.22
2017-09-22,30.11,30.33,29.59,29.53,111192.2,-0.48,-1.6,30.316,30.415,32.086,114560.03,117764.92,115367.43,3.71
2017-09-15,30.75,30.8,30.07,30.04,143585.31,-0.67,-2.18,30.512,30.676,32.312,107823.6,121042.87,114123.44,4.79
2017-09-08,30.66,30.97,30.74,30.64,105544.38,0.08,0.26,30.508,30.966,32.568,101570.85,125517.35,114715.46,3.52
2017-09-01,30.53,30.98,30.66,30.5,118591.01,0.14,0.46,30.406,31.367,32.907,104917.75,128645.52,118913.52,3.95
2017-08-25,30.72,31.09,30.52,30.38,93887.23,-0.05,-0.16,30.478,31.717,33.171,101498.13,128637.88,122331.06,3.13
2017-08-18,30.06,30.79,30.57,30.0,77510.09,0.52,1.73,30.514,32.035,33.526,120969.8,128348.03,122859.23,2.58
2017-08-11,30.24,30.89,30.05,30.01,112321.53,-0.18,-0.59,30.84,32.469,33.803,134262.14,130710.0,131028.76,3.74
2017-08-04,31.11,31.26,30.23,29.95,122278.88,-0.79,-2.55,31.424,32.903,34.075,149463.86,125678.47,135852.22,4.08
2017-07-28,30.68,31.33,31.02,30.42,101492.91,0.32,1.04,32.328,33.219,34.307,152373.29,122844.92,140824.04,3.38
2017-07-21,32.2,32.2,30.7,29.95,191245.61,-1.5,-4.66,32.956,33.589,34.476,155777.63,122894.74,148933.89,6.37
2017-07-14,32.95,32.95,32.2,31.93,143971.78,-0.77,-2.33,33.556,33.757,34.544,135726.26,112969.95,143528.94,4.8
2017-07-07,34.64,34.92,32.97,32.69,188330.11,-1.78,-5.12,34.098,33.948,34.562,127157.85,107204.01,141116.14,6.28
2017-06-30,34.02,35.23,34.75,34.0,136826.03,0.59,1.73,34.382,34.17,34.527,101893.09,103913.56,136905.37,4.56
2017-06-23,33.7,34.56,34.16,33.5,118514.6,0.46,1.36,34.11,34.447,34.433,93316.55,109181.53,135947.59,3.95
2017-06-16,34.89,35.56,33.7,33.4,90988.8,-1.21,-3.47,34.222,34.624,34.385,90011.86,116024.25,131116.08,3.03
2017-06-09,34.11,35.28,34.91,33.55,101129.7,0.52,1.51,33.958,35.016,34.345,90213.64,117370.43,130911.34,3.37
2017-06-02,33.5,34.64,34.39,33.2,62006.32,1.0,3.0,33.798,35.137,34.214,87250.16,131347.53,130588.49,2.07
2017-05-26,34.6,34.71,33.39,32.7,93943.35,-1.33,-3.83,33.958,35.247,34.108,105934.04,146025.96,133596.44,3.13
2017-05-19,32.35,35.43,34.72,32.35,101991.12,2.34,7.23,34.784,35.394,34.087,125046.5,158803.16,137939.91,3.4
2017-05-12,34.3,34.43,32.38,31.8,91997.72,-1.73,-5.07,35.026,35.363,33.892,142036.64,174973.03,136924.91,3.07
2017-05-05,34.9,35.65,34.11,34.1,86312.31,-1.08,-3.07,36.074,35.331,33.814,144527.22,174087.93,137960.92,2.88
2017-04-28,37.35,37.35,35.19,34.04,155425.7,-2.33,-6.21,36.476,35.175,33.613,175444.89,175028.28,140038.74,5.18
2017-04-21,36.3,38.0,37.52,35.6,189505.66,1.59,4.42,36.536,34.884,33.417,186117.89,169897.18,139579.38,6.32
2017-04-14,37.85,38.5,35.93,35.41,186941.8,-1.69,-4.49,36.004,34.418,33.154,192559.81,162713.65,139763.32,6.23
2017-04-07,35.8,37.74,37.62,35.7,104450.62,1.5,4.15,35.7,34.145,33.009,207909.42,146207.92,142327.88,3.48
2017-03-31,35.09,36.66,36.12,34.2,240900.69,0.63,1.77,34.588,33.673,32.805,203648.65,144452.26,143775.54,8.03
2017-03-24,34.99,36.92,35.49,34.51,208790.66,0.63,1.81,33.874,33.291,32.69,174611.66,129829.46,137910.07,6.96
2017-03-17,34.49,35.56,34.86,33.89,221715.27,0.45,1.31,33.232,32.969,32.602,153676.48,121166.92,135004.49,7.39
2017-03-10,32.06,34.68,34.41,31.84,263689.88,2.35,7.33,32.832,32.78,32.577,132867.49,117076.67,131331.55,8.79
2017-03-03,32.45,32.77,32.06,31.62,83146.73,-0.49,-1.5,32.59,32.421,32.576,84506.41,98876.79,125964.5,2.77
2017-02-24,32.28,33.0,32.55,32.18,95715.78,0.27,0.84,32.758,32.297,32.714,85255.87,101833.9,132433.26,3.19
2017-02-17,32.77,33.33,32.28,32.03,104114.73,-0.58,-1.76,32.708,32.051,32.897,85047.26,105049.2,135019.78,3.47
2017-02-10,33.02,33.75,32.86,32.8,117670.34,-0.34,-1.02,32.706,31.949,33.131,88657.35,109261.59,137976.02,3.92
2017-02-03,32.79,33.28,33.2,32.7,21884.46,0.3,0.91,32.728,31.89,33.278,101285.84,116813.0,137544.68,0.73
2017-01-26,32.32,33.11,32.9,31.93,86894.02,0.6,1.86,32.252,31.873,33.438,113247.17,138447.85,147472.25,2.9
2017-01-20,32.26,32.69,32.3,29.7,94672.73,0.03,0.09,31.836,31.936,33.63,118411.94,143098.82,166522.01,3.16
2017-01-13,32.96,33.19,32.27,31.92,122165.21,-0.7,-2.12,31.394,32.088,33.725,125051.14,145990.68,175182.85,4.07
2017-01-06,30.85,33.28,32.97,30.82,180812.78,2.15,6.98,31.192,32.234,33.79,129865.82,148842.07,182291.2,6.03
2016-12-30,30.78,30.89,30.82,30.15,81691.12,0.0,0.0,31.052,32.373,33.767,132340.16,145586.43,184251.25,2.72
2016-12-23,30.0,30.9,30.82,29.71,112717.84,0.73,2.43,31.494,32.73,33.91,163648.53,153052.22,190164.06,3.76
2016-12-16,31.28,31.37,30.09,29.72,127868.74,-1.17,-3.74,32.036,33.131,34.064,167785.71,163032.62,204025.24,4.26
2016-12-09,32.28,32.3,31.26,31.17,146238.61,-1.01,-3.13,32.782,33.742,34.278,166930.22,164990.35,225113.9,4.87
2016-12-02,33.14,33.15,32.27,32.04,193184.48,-0.76,-2.3,33.276,34.313,34.363,167818.32,166690.45,235972.64,6.44
2016-11-25,33.58,33.74,33.03,32.45,238233.0,-0.5,-1.49,33.694,34.665,34.356,158832.7,158276.35,239490.16,7.94
2016-11-18,33.82,33.9,33.53,33.36,133403.7,-0.29,-0.86,33.966,35.003,34.277,142455.9,156496.65,239777.26,4.45
2016-11-11,33.8,33.95,33.82,33.21,123591.31,0.09,0.27,34.226,35.323,34.092,158279.54,189945.19,242404.72,4.12
2016-11-04,34.05,34.05,33.73,33.3,150679.11,-0.63,-1.83,34.702,35.361,33.92,163050.49,204375.02,245337.19,5.02
2016-10-28,33.65,34.9,34.36,33.55,148256.39,-0.03,-0.09,35.35,35.346,33.743,165562.58,215740.33,242778.74,4.94
2016-10-21,34.84,35.28,34.39,33.98,156348.98,-0.44,-1.26,35.636,35.16,33.519,157720.0,222916.07,244940.57,5.21
2016-10-14,36.21,36.94,34.83,34.53,212521.89,-1.37,-3.79,36.04,35.089,33.274,170537.4,227275.9,246881.25,7.08
2016-09-30,37.0,37.41,36.2,35.9,147446.06,-0.77,-2.08,36.42,34.997,32.946,221610.84,245017.86,245326.51,4.91
2016-09-23,35.8,37.18,36.97,35.8,163239.59,1.18,3.3,36.02,34.814,32.581,245699.56,285237.44,251316.83,5.44
2016-09-14,35.8,36.37,35.79,35.25,109043.5,-0.62,-1.7,35.342,34.412,32.208,265918.08,305254.83,259730.42,3.63
2016-09-09,36.73,37.06,36.41,35.62,220435.98,-0.32,-0.87,34.684,34.047,31.933,288112.13,320703.96,269191.04,7.35
2016-09-02,34.5,37.78,36.73,34.5,467889.09,2.53,7.4,34.138,33.551,31.634,284014.4,323057.87,279472.81,15.6
2016-08-26,33.58,34.26,34.2,33.0,267889.62,0.62,1.85,33.574,32.86,31.445,268424.87,294864.24,293070.82,8.93
2016-08-19,32.49,33.62,33.58,32.44,264332.22,1.08,3.32,33.608,32.479,31.153,324775.33,286299.35,296142.7,8.81
2016-08-12,33.7,34.3,32.5,32.2,220013.73,-1.18,-3.5,33.482,32.14,30.81,344591.58,269817.14,299218.96,7.33
2016-08-05,33.7,34.39,33.68,32.7,199947.34,-0.23,-0.68,33.41,31.878,30.486,353295.79,266965.07,305985.19,6.66
2016-07-29,34.15,34.99,33.91,32.57,389941.44,-0.46,-1.34,32.964,31.458,30.091,362101.33,266486.59,308729.96,13.0
2016-07-22,33.1,36.76,34.37,32.97,549641.94,1.42,4.31,32.146,30.894,29.588,321303.62,245635.16,301514.61,18.32
2016-07-15,32.31,33.17,32.95,30.9,363413.44,0.81,2.52,31.35,30.348,29.045,247823.37,217396.23,291711.68,12.11
2016-07-08,31.32,33.29,32.14,31.31,263534.78,0.69,2.19,30.798,30.003,28.599,195042.71,214206.01,290106.06,8.78
2016-07-01,29.5,32.15,31.45,29.4,243975.06,1.63,5.47,30.346,29.818,28.341,180634.35,217678.13,297209.79,8.13
2016-06-24,30.38,31.45,29.82,29.42,185952.86,-0.57,-1.88,29.952,29.717,28.044,170871.85,235887.76,315784.92,6.2
2016-06-17,29.73,30.8,30.39,28.8,182240.69,0.2,0.66,29.642,30.029,27.694,169966.7,291277.39,326103.66,6.07
2016-06-08,29.96,30.78,30.19,29.87,99510.14,0.31,1.04,29.346,29.826,27.369,186969.08,305986.05,337764.39,3.32
2016-06-03,29.37,30.8,29.88,28.76,191493.02,0.4,1.36,29.208,29.48,27.064,233369.31,328620.78,353188.33,6.38
2016-05-27,28.4,29.73,29.48,28.21,195162.53,1.21,4.28,29.29,29.093,26.984,254721.91,345005.3,363758.19,6.51
2016-05-20,28.87,29.37,28.27,27.5,181427.14,-0.64,-2.21,29.482,28.723,27.275,300903.67,350973.33,372331.02,6.05
2016-05-13,28.9,29.97,28.91,28.18,267252.59,-0.59,-2.0,30.416,28.282,27.755,412588.08,357394.05,401669.35,8.91
2016-05-06,30.12,32.07,29.5,29.5,331511.25,-0.79,-2.61,30.306,27.741,28.116,425003.01,366027.13,413813.73,11.05
2016-04-29,30.1,31.98,30.29,29.86,298256.03,-0.15,-0.49,29.752,27.194,28.44,423872.26,366006.11,422115.37,9.94
2016-04-22,33.0,33.09,30.44,29.11,426071.34,-2.5,-7.59,28.896,26.864,28.751,435288.7,376741.45,437898.27,14.2
2016-04-15,29.4,33.5,32.94,29.4,739849.19,4.58,16.15,27.964,26.371,28.996,401042.98,395682.08,449993.63,24.66
2016-04-08,26.59,28.7,28.36,26.52,329327.22,1.63,6.1,26.148,25.359,29.224,302200.03,360929.94,450928.35,10.98
2016-04-01,26.21,27.46,26.73,25.75,325857.53,0.72,2.77,25.176,24.912,29.805,307051.26,369542.73,473297.84,10.86
2016-03-25,26.02,27.46,26.01,25.56,355338.22,0.23,0.89,24.636,24.648,30.393,308139.95,377755.88,486664.44,11.84
2016-03-18,24.4,25.88,25.78,24.01,254842.75,1.92,8.05,24.832,24.874,31.024,318194.2,382511.08,491420.48,8.49
2016-03-11,23.66,24.82,23.86,22.92,245634.42,0.36,1.53,24.778,25.826,31.747,390321.18,393688.71,518825.86,8.19
2016-03-04,24.7,25.18,23.5,22.14,353583.38,-0.53,-2.21,24.57,27.228,32.607,419659.84,445944.65,560553.52,11.79
2016-02-26,27.25,27.75,24.03,23.6,331300.97,-2.96,-10.97,24.648,28.49,33.676,432034.21,461600.32,552005.35,11.04
2016-02-19,24.7,28.26,26.99,24.6,405609.5,1.48,5.8,24.66,29.685,34.75,447371.81,478224.63,541125.31,13.52
2016-02-05,22.81,26.7,25.51,22.49,615477.62,2.69,11.79,24.916,30.638,35.626,446827.96,499055.1,538906.05,20.52
2016-01-29,24.2,24.41,22.82,20.88,392327.75,-1.07,-4.48,26.874,31.621,36.608,397056.25,504305.18,540000.42,13.08
2016-01-22,23.5,25.79,23.89,23.1,415455.19,-0.2,-0.83,29.886,33.088,37.892,472229.46,540926.76,561239.0,13.85
2016-01-15,27.6,27.98,24.09,23.54,407988.97,-4.18,-14.79,32.332,34.698,39.197,491166.43,577052.95,569281.66,13.6
2016-01-08,35.28,35.4,28.27,26.0,402890.28,-7.03,-19.91,34.71,36.138,40.309,509077.46,595573.0,594591.35,13.43
2015-12-31,37.96,38.26,35.3,35.22,366619.06,-2.58,-6.81,36.36,37.173,40.814,551282.23,600329.87,592884.44,12.22
2015-12-25,35.98,38.88,37.88,35.85,768193.81,1.76,4.87,36.368,37.668,41.239,611554.1,643963.0,602417.68,25.61
2015-12-18,35.65,36.76,36.12,35.21,510140.03,0.14,0.39,36.29,37.986,41.364,609624.07,675162.39,585904.81,17.0
2015-12-11,36.53,36.77,35.98,35.01,497544.12,-0.54,-1.48,37.064,38.862,41.652,662939.46,642410.39,591345.46,16.58
2015-12-04,35.2,36.58,36.52,33.03,613914.12,1.18,3.34,37.566,39.815,41.833,682068.54,604025.99,593958.81,20.46
2015-11-27,37.45,38.09,35.34,34.0,667978.44,-2.15,-5.74,37.986,40.613,42.145,649377.52,578757.0,599616.06,22.27
2015-11-20,39.5,40.44,37.49,36.35,758543.62,-2.5,-6.25,38.968,41.595,42.12,676371.89,575695.67,605306.64,25.28
2015-11-13,38.3,40.25,39.99,38.0,776717.0,1.5,3.9,39.682,42.695,41.898,740700.72,581551.24,605371.84,25.89
2015-11-06,38.01,39.24,38.49,36.28,593189.5,-0.13,-0.34,40.66,43.695,41.505,621881.32,561510.37,582702.03,19.77
2015-10-30,40.8,40.8,38.62,37.28,450459.03,-1.63,-4.05,42.064,44.479,41.35,525983.44,593609.69,571394.41,15.02
2015-10-23,41.01,41.75,40.25,38.05,802950.31,-0.81,-1.97,43.24,44.455,41.664,508136.47,585439.0,563787.91,26.77
2015-10-16,44.28,45.28,41.06,39.96,1080187.75,-3.82,-8.51,44.222,44.81,41.859,475019.45,560872.36,544969.14,36.01
2015-10-09,47.0,47.48,44.88,44.0,182620.0,-0.63,-1.38,45.708,44.741,41.806,422401.76,496647.23,517241.85,6.09
2015-09-30,45.02,46.99,45.51,43.55,113700.11,1.01,2.27,46.73,44.441,41.751,501139.42,540280.52,539378.69,3.79
2015-09-25,46.19,46.22,44.5,43.18,361224.19,-0.66,-1.46,46.894,43.85,41.349,661235.95,583891.64,570102.33,12.04
2015-09-18,49.0,50.36,45.16,43.61,637365.19,-3.33,-6.87,45.67,43.677,40.793,662741.53,620475.12,573276.38,21.25
2015-09-11,48.51,51.88,48.49,43.18,817099.31,-1.5,-3.0,45.398,42.645,40.16,646725.27,634917.61,567152.2,27.24
2015-09-02,46.5,51.0,49.99,43.68,576308.31,3.66,7.9,43.774,41.1,39.429,570892.7,629192.43,550671.95,19.21
2015-08-28,35.45,46.33,46.33,34.66,914182.75,7.95,20.71,42.152,39.314,38.609,579421.63,603893.68,557305.98,30.47
2015-08-21,43.27,44.0,38.38,38.38,368752.09,-5.42,-12.37,40.806,38.221,37.897,506547.33,549179.12,531495.49,12.29
2015-08-14,40.7,46.35,43.8,39.85,557283.88,3.43,8.5,41.684,38.872,37.576,578208.71,542136.83,538065.02,18.58
2015-08-07,41.5,42.52,40.37,37.27,437936.47,-1.51,-3.61,39.892,38.907,36.89,623109.96,529065.91,532043.27,14.6
2015-07-31,38.02,44.23,41.88,32.4,618952.94,2.28,5.76,38.426,38.87,36.345,687492.16,537836.47,536418.12,20.63
2015-07-24,41.28,42.0,39.6,38.06,549811.25,-3.17,-7.41,36.476,39.06,35.672,628365.74,538476.87,517252.03,18.33
2015-07-17,37.9,44.48,42.77,34.13,727059.0,7.93,22.76,35.636,38.847,35.097,591810.91,556313.02,515556.72,24.24
2015-07-10,36.75,36.75,34.84,27.07,781790.12,1.8,5.45,36.06,37.909,34.44,506064.95,526077.64,497903.98,26.06
2015-07-03,33.0,35.12,33.04,26.72,759847.5,0.91,2.83,37.922,37.675,34.047,435021.87,499386.78,463723.6,25.33
2015-06-26,36.0,38.37,32.13,32.13,323320.81,-3.27,-9.24,39.314,37.757,33.727,388180.77,472151.48,442214.62,10.78
2015-06-19,45.06,45.15,35.4,35.13,367037.12,-9.49,-21.14,41.644,37.904,33.465,448587.99,510718.27,446678.06,12.23
2015-06-12,44.31,46.5,44.89,42.9,298329.19,0.74,1.68,42.058,37.572,32.974,520815.13,513811.86,474201.61,9.94
2015-06-05,40.0,49.18,44.15,40.0,426574.72,4.15,10.38,39.758,36.279,31.863,546090.34,533993.22,491890.0,14.22
2015-05-29,43.6,46.48,40.0,38.1,525642.0,-3.78,-8.63,37.428,34.873,30.707,563751.7,535020.62,483742.62,17.52
2015-05-22,38.3,45.6,43.78,38.3,625356.94,6.31,16.84,36.2,33.82,29.728,556122.19,534999.78,480946.39,20.85
2015-05-15,33.4,39.29,37.47,33.4,728172.81,4.08,12.22,34.164,32.283,28.552,572848.55,496027.18,457423.14,24.27
2015-05-08,32.45,34.14,33.39,30.88,424705.22,0.89,2.74,33.086,31.346,27.769,506808.58,474800.42,439244.06,14.16
2015-04-30,33.41,34.18,32.5,32.02,514881.53,-1.36,-4.02,32.8,30.971,27.153,521896.1,469730.31,436948.81,17.16
2015-04-24,33.6,34.58,33.86,32.0,487494.44,0.26,0.77,32.318,30.419,26.627,506289.54,428060.42,455982.0,16.25
2015-04-17,32.2,35.99,33.6,31.55,708988.75,1.52,4.74,31.44,29.697,25.988,513877.38,412277.77,462900.94,23.63
2015-04-10,31.9,32.4,32.08,30.3,397972.97,0.12,0.38,30.402,29.025,25.357,419205.82,382637.86,450552.85,13.27
2015-04-03,30.05,32.37,31.96,29.51,500142.81,1.87,6.21,29.606,28.375,24.821,442792.26,434591.35,450837.56,16.67
2015-03-27,29.39,31.33,30.09,29.35,436848.75,0.62,2.1,29.142,27.447,24.241,417564.52,449786.77,449500.0,14.56
2015-03-20,28.82,32.55,29.47,28.81,525433.62,1.06,3.73,28.52,26.54,23.756,349831.3,432464.62,455241.37,17.51
2015-03-13,28.0,28.7,28.41,27.66,235630.95,0.31,1.1,27.954,25.636,23.347,310678.16,426892.99,461751.98,7.85
2015-03-06,29.1,29.83,28.1,27.68,515905.19,-1.54,-5.2,27.648,24.82,22.872,346069.89,418819.09,468863.49,17.2
2015-02-27,27.05,30.0,29.64,27.05,374004.09,2.66,9.86,27.144,24.191,22.421,426390.44,403687.69,472807.89,12.47
2015-02-17,26.62,27.3,26.98,26.39,98182.66,0.34,1.28,25.752,23.335,21.878,482009.03,404167.3,469262.99,3.27
2015-02-13,26.75,27.49,26.64,25.51,329667.91,-0.24,-0.89,24.56,22.835,21.454,515097.93,483903.58,471642.72,10.99
2015-02-06,25.2,27.75,26.88,24.9,412589.62,1.3,5.08,23.318,22.279,21.037,543107.83,513524.11,478349.36,13.75
2015-01-30,24.87,26.55,25.58,23.81,917507.94,2.9,12.79,21.992,21.689,20.611,491568.29,518467.83,477702.41,30.58
2015-01-23,20.6,23.14,22.68,20.35,652097.0,1.66,7.9,21.238,21.267,20.239,380984.93,467083.77,444027.74,21.74
2015-01-16,20.4,21.09,21.02,19.93,263627.19,0.59,2.89,20.918,21.035,19.991,326325.58,449213.22,422660.68,8.79
2015-01-09,20.21,21.55,20.43,19.55,469717.38,0.18,0.89,21.11,20.972,19.81,452709.23,478018.13,425265.9,15.66
2014-12-31,21.8,21.81,20.25,20.1,154891.94,-1.56,-7.15,21.24,21.058,19.679,483940.39,496610.97,421053.06,5.16
2014-12-26,21.0,21.93,21.81,20.34,364591.16,0.73,3.46,21.386,20.924,19.518,545367.38,518907.88,426738.3,12.15
2014-12-19,21.9,22.33,21.08,20.69,378800.22,-0.9,-4.09,21.296,20.651,19.269,553182.61,541928.1,421327.33,12.63
2014-12-12,21.5,22.98,21.98,21.0,895545.44,0.9,4.27,21.152,20.421,19.056,572100.86,534358.67,422443.9,29.85
2014-12-05,20.9,21.37,21.08,20.22,625873.19,0.1,0.48,20.834,20.073,18.787,503327.03,459381.87,389860.62,20.86
2014-11-28,21.53,22.18,20.98,20.83,462026.88,-0.38,-1.78,20.876,19.795,18.538,509281.54,443174.6,372429.63,15.4
2014-11-21,20.44,22.31,21.36,20.44,403667.34,1.0,4.91,20.462,19.532,18.277,492448.39,436936.99,355687.61,13.46
2014-11-14,20.25,20.88,20.36,19.88,473391.44,-0.03,-0.15,20.006,19.211,17.993,530673.58,420971.71,343085.9,15.78
2014-11-07,21.29,22.0,20.39,20.09,551676.31,-0.9,-4.23,19.69,18.946,17.757,496616.49,396108.13,324304.25,18.39
2014-10-31,19.31,21.86,21.29,19.14,655645.75,2.38,12.59,19.312,18.647,17.516,415436.7,372513.68,304308.88,21.85
2014-10-24,19.08,19.69,18.91,18.52,377861.09,-0.17,-0.89,18.714,18.3,17.256,377067.66,345495.15,281111.34,12.6
2014-10-17,18.86,19.85,19.08,18.53,594793.31,0.3,1.6,18.602,18.111,17.081,381425.58,334568.71,268225.81,19.83
2014-10-10,18.53,19.13,18.78,18.49,303105.97,0.28,1.51,18.416,17.886,16.916,311269.84,300726.56,245028.57,10.1
2014-09-30,18.38,18.64,18.5,18.2,145777.39,0.2,1.09,18.202,17.69,16.768,295599.78,310529.13,236758.94,4.86
2014-09-26,18.5,18.82,18.3,18.01,463800.56,-0.05,-0.27,17.982,17.501,16.64,329590.65,320339.38,235097.3,15.46
2014-09-19,18.45,18.5,18.35,17.5,399650.69,0.2,1.1,17.886,17.28,16.532,313922.63,301684.65,217185.74,13.32
2014-09-12,17.82,18.29,18.15,17.75,244014.58,0.44,2.48,17.62,17.022,16.407,287711.84,274438.24,201693.11,8.13
2014-09-05,17.4,17.88,17.71,17.34,224755.69,0.31,1.78,17.356,16.775,16.3,290183.28,265200.1,196810.03,7.49
2014-08-29,17.8,18.2,17.4,17.01,315731.75,-0.42,-2.36,17.178,16.568,16.247,325458.48,252500.36,193801.03,10.52
2014-08-22,17.09,18.0,17.82,17.05,385460.44,0.8,4.7,17.02,16.385,16.223,311088.1,236104.09,187383.43,12.85
2014-08-15,16.84,17.23,17.02,16.75,268596.72,0.19,1.13,16.674,16.212,16.16,289446.68,216727.54,178701.65,8.95
2014-08-08,16.86,17.23,16.83,16.71,256371.78,0.01,0.06,16.424,16.05,16.145,261164.63,201882.91,186166.8,8.55
2014-08-01,16.65,17.3,16.82,16.51,401131.69,0.21,1.26,16.194,15.946,16.112,240216.92,189330.58,181751.44,13.37
2014-07-25,16.1,16.74,16.61,15.88,243879.86,0.52,3.23,15.958,15.845,16.079,179542.25,162988.75,171389.76,8.13
2014-07-18,15.88,16.49,16.09,15.87,277253.34,0.32,2.03,15.75,15.779,16.088,161120.08,149855.23,182026.45,9.24
2014-07-11,15.66,15.79,15.77,15.43,127186.5,0.09,0.57,15.75,15.784,16.163,144008.39,132686.82,191830.4,4.24
2014-07-04,15.55,15.95,15.68,15.55,151633.2,0.04,0.26,15.676,15.791,16.223,142601.18,128947.98,209109.15,5.05
2014-06-27,15.55,15.72,15.64,15.27,97758.33,0.07,0.45,15.698,15.824,16.322,138444.25,128419.97,243985.15,3.26
2014-06-20,16.06,16.18,15.57,15.39,151769.05,-0.52,-3.23,15.732,15.926,16.35,146435.25,135101.69,240425.47,5.06
2014-06-13,15.49,16.1,16.09,15.29,191694.89,0.69,4.48,15.808,16.061,16.371,138590.37,138662.78,242590.91,6.39
2014-06-06,15.82,15.87,15.4,15.28,120150.41,-0.39,-2.47,15.818,16.107,16.374,121365.25,140675.76,244007.17,4.01
2014-05-30,15.83,16.05,15.79,15.61,130848.56,-0.02,-0.13,15.906,16.239,16.405,115294.79,170450.7,249006.85,4.36
2014-05-23,15.98,16.13,15.81,15.68,137713.34,-0.14,-0.88,15.95,16.277,16.417,118395.69,174172.3,258309.26,4.43
2014-05-16,16.22,16.35,15.95,15.81,112544.66,-0.19,-1.18,16.12,16.313,16.421,123768.14,179790.78,261627.2,3.62
2014-05-09,15.86,16.3,16.14,15.77,105569.28,0.3,1.89,16.314,16.396,16.442,138735.18,214197.67,266645.62,3.39
2014-04-30,15.93,15.95,15.84,15.5,89798.12,-0.17,-1.06,16.396,16.541,16.473,159986.27,250973.98,271022.56,2.89
2014-04-25,16.55,16.68,16.01,15.89,146353.05,-0.65,-3.9,16.572,16.655,16.526,225606.62,289270.31,279706.93,4.7
2014-04-18,17.0,17.08,16.66,16.57,164575.58,-0.26,-1.54,16.604,16.819,16.578,229948.92,359550.33,284765.88,5.29
2014-04-11,16.48,17.04,16.92,16.45,187379.89,0.37,2.24,16.506,16.774,16.594,235813.41,345749.24,291533.84,6.02
2014-04-04,16.72,16.87,16.55,16.34,211824.72,-0.17,-1.02,16.478,16.681,16.582,289660.15,346519.05,294042.69,6.81
2014-03-28,16.15,17.3,16.72,16.03,417899.84,0.55,3.4,16.686,16.641,16.572,341961.69,347338.57,296934.54,13.43
2014-03-21,16.25,16.54,16.17,15.76,168064.56,0.0,0.0,16.738,16.571,16.537,352934.01,327562.99,293511.29,5.4
2014-03-14,16.73,16.73,16.17,16.02,193898.05,-0.61,-3.63,17.034,16.556,16.569,489151.75,342446.21,346293.47,6.23
2014-03-07,17.71,17.88,16.78,16.39,456613.59,-0.81,-4.61,17.042,16.528,16.688,455685.07,343463.62,374311.17,14.68
2014-02-28,16.9,17.65,17.59,16.66,473332.41,0.61,3.59,16.884,16.487,16.728,403377.94,319093.58,371222.37,15.21
2014-02-21,17.74,17.85,16.98,16.8,472761.44,-0.67,-3.8,16.596,16.405,16.751,352715.45,291071.13,352331.93,15.19
2014-02-14,16.32,18.28,17.65,16.23,849153.25,1.44,8.88,16.404,16.396,16.813,302191.98,270143.55,348897.76,27.29
2014-02-07,15.88,16.23,16.21,15.88,26564.68,0.22,1.38,16.078,16.337,16.802,195740.67,209981.42,316016.85,0.85
2014-01-30,16.01,16.25,15.99,15.51,195077.94,-0.16,-0.99,16.014,16.413,16.888,231242.16,237318.43,333069.21,6.27
2014-01-24,15.96,16.25,16.15,15.51,220019.94,0.13,0.81,16.09,16.483,16.958,234809.21,241566.33,338979.25,7.07
2014-01-17,16.01,16.55,16.02,15.88,220144.08,0.0,0.0,16.214,16.502,17.043,229426.82,246530.51,345084.75,7.08
2014-01-10,15.94,16.5,16.02,15.81,316896.72,0.09,0.56,16.388,16.502,17.131,238095.12,259459.59,345405.32,10.18
2013-12-27,16.37,16.55,15.89,15.65,204072.11,-0.48,-2.93,16.596,16.582,17.226,224222.17,350140.73,353951.52,6.56
2013-12-20,16.77,17.0,16.37,16.2,212913.2,-0.4,-2.38,16.812,16.848,17.377,243394.7,405158.72,378339.03,6.84
2013-12-13,16.89,16.99,16.77,16.4,193107.97,-0.12,-0.71,16.876,16.969,17.484,248323.44,423351.16,382780.25,6.21
2013-12-06,16.92,17.16,16.89,16.3,263485.59,-0.17,-1.0,16.79,17.097,17.611,263634.21,413592.73,382624.71,8.47
2013-11-29,16.97,17.28,17.06,16.73,247531.97,0.09,0.53,16.616,17.23,17.654,280824.07,427651.97,375023.92,7.96
2013-11-22,16.8,17.11,16.97,16.69,299934.78,0.28,1.68,16.568,17.266,17.719,476059.3,422052.28,371155.45,9.64
2013-11-15,16.28,16.84,16.69,16.19,237556.91,0.35,2.14,16.884,17.363,17.805,566922.74,428819.99,364294.23,7.63
2013-11-08,17.45,17.45,16.34,16.15,269661.81,0.32,2.0,17.062,17.433,17.862,598378.88,436392.17,359169.42,8.67
2013-10-30,16.85,16.86,16.02,15.2,349434.88,-0.8,-4.76,17.404,17.584,18.016,563551.25,443638.99,350058.24,11.23
2013-10-25,18.66,19.49,16.82,16.76,1223708.12,-1.73,-9.33,17.844,17.759,18.227,574479.87,431351.04,335640.02,39.33
2013-10-18,17.6,18.71,18.55,17.56,754252.0,0.97,5.52,17.964,17.87,18.416,368045.26,357762.3,284530.83,24.24
2013-10-11,18.05,18.2,17.58,17.45,394837.59,-0.47,-2.6,17.842,17.906,18.605,290717.23,351519.33,261897.68,12.69
2013-09-30,18.45,18.48,18.05,17.95,95523.65,-0.17,-0.93,17.804,17.999,18.828,274405.46,342209.34,253089.06,3.07
2013-09-27,17.41,18.4,18.22,17.38,404077.97,0.8,4.59,17.764,18.124,19.03,323726.74,351656.69,261481.4,12.99
2013-09-18,18.02,18.08,17.42,17.27,191535.11,-0.52,-2.9,17.674,18.077,19.136,288222.21,322395.87,251628.25,6.16
2013-09-13,17.47,18.05,17.94,17.35,367611.84,0.55,3.16,17.776,18.172,19.231,347479.34,320258.62,248029.97,11.81
2013-09-06,17.85,17.96,17.39,17.28,313278.75,-0.46,-2.58,17.97,18.246,19.329,412321.44,299768.47,237259.1,10.07
2013-08-30,17.77,18.3,17.85,17.66,342130.03,0.08,0.45,18.194,18.29,19.476,410013.21,281946.67,233417.15,11.0
2013-08-23,17.81,18.28,17.77,17.66,226555.34,-0.16,-0.89,18.484,18.447,19.58,379586.64,256477.5,225586.3,7.28
2013-08-16,18.86,19.42,17.93,17.91,487820.75,-0.98,-5.18,18.48,18.694,19.741,356569.53,239929.0,218814.33,15.68
2013-08-09,18.45,19.78,18.91,18.39,691822.31,0.4,2.16,18.568,18.962,19.984,293037.91,211299.37,204273.16,22.23
2013-08-02,19.3,19.42,18.51,18.4,301737.62,-0.79,-4.09,18.522,19.303,20.173,187215.51,172276.03,177612.97,9.7
2013-07-26,17.5,19.67,19.3,17.47,189997.17,1.55,8.73,18.386,19.656,20.413,153880.14,163968.78,170871.19,6.11
2013-07-19,18.52,19.12,17.75,17.68,111469.82,-0.62,-3.38,18.41,19.936,20.66,133368.35,171306.1,173011.43,3.58
2013-07-12,18.31,18.82,18.37,17.28,170162.61,-0.31,-1.66,18.908,20.194,20.956,123288.47,180860.63,178431.67,5.47
2013-07-05,17.8,19.3,18.68,17.52,162710.31,0.85,4.77,19.356,20.29,21.187,129560.83,175801.31,184352.22,5.23
2013-06-28,19.46,19.56,17.83,17.0,135060.77,-1.59,-8.19,20.084,20.412,21.377,157336.55,174749.73,190734.85,4.34
2013-06-21,20.22,20.45,19.42,18.69,87438.25,-0.82,-4.05,20.926,20.662,21.501,174057.42,184887.62,195477.61,2.81
2013-06-14,20.15,20.46,20.24,19.68,61070.39,-0.37,-1.79,21.462,20.712,21.555,209243.86,194695.1,198891.25,1.96
2013-06-07,22.4,22.84,20.61,20.15,201524.42,-1.71,-7.66,21.48,20.787,21.653,238432.8,197699.65,205356.89,6.48
2013-05-31,22.3,22.77,22.32,20.97,301588.94,0.28,1.27,21.224,21.006,21.671,222041.79,197246.95,210460.01,9.69
2013-05-24,22.18,22.8,22.04,21.5,218665.09,-0.06,-0.27,20.74,21.042,21.522,192162.9,182949.9,206700.39,7.03
2013-05-17,20.34,22.14,22.1,20.08,263370.44,1.77,8.71,20.398,21.169,21.375,195717.82,177773.61,204109.82,8.46
2013-05-10,19.42,20.69,20.33,19.21,207015.12,1.0,5.17,19.962,21.383,21.239,180146.34,174716.75,198630.49,6.65
2013-05-03,19.6,19.75,19.33,18.8,119569.36,-0.57,-2.86,20.094,21.718,21.139,156966.51,176002.7,195058.43,3.84
2013-04-26,20.3,20.64,19.9,19.72,152194.48,-0.43,-2.12,20.788,22.083,21.097,172452.1,192903.14,196597.74,4.89
2013-04-19,19.89,20.5,20.33,19.07,236439.72,0.41,2.06,21.344,22.342,21.084,173736.9,206719.97,196129.82,7.6
2013-04-12,21.0,21.14,19.92,19.79,185513.03,-1.07,-5.1,21.94,22.34,21.067,159829.39,206067.6,192223.8,5.96
2013-04-03,22.75,23.07,20.99,20.8,91115.94,-1.81,-7.94,22.804,22.398,21.174,169287.15,203087.39,198998.4,2.93
2013-03-29,22.67,23.66,22.8,22.15,196997.34,0.12,0.53,23.342,22.519,21.15,195038.89,213014.12,197103.71,6.33
2013-03-22,23.58,23.66,22.68,22.37,158618.48,-0.63,-2.7,23.378,22.336,21.029,213354.17,223673.08,194665.93,5.1
2013-03-15,24.06,24.63,23.31,22.8,166902.16,-0.93,-3.84,23.34,22.001,20.968,239703.04,230450.88,192324.72,5.36
2013-03-08,23.52,25.05,24.24,22.57,232801.84,0.56,2.37,22.74,21.58,20.806,252305.82,230446.03,190838.57,7.48
2013-03-01,23.0,23.96,23.68,22.5,219874.62,0.7,3.05,21.992,21.095,20.605,236887.64,222544.23,183559.56,7.07
2013-02-22,22.5,23.68,22.98,21.7,288573.75,0.49,2.18,21.696,20.559,20.45,230989.34,214114.16,175395.37,9.27
2013-02-08,20.4,22.52,22.49,19.79,290362.81,2.18,10.73,21.294,20.11,20.447,233991.98,200292.34,163818.99,9.33
2013-02-01,20.8,21.47,20.31,20.1,229916.06,-0.19,-0.93,20.662,19.826,20.473,221198.71,185539.66,151848.89,7.39
2013-01-25,22.25,22.61,20.5,20.2,155710.94,-1.7,-7.66,20.42,19.794,20.552,208586.24,178379.99,142014.04,5.0
2013-01-18,21.0,23.07,22.2,21.0,190383.16,1.23,5.87,20.198,19.95,20.702,208200.82,194909.41,136702.17,6.12
2013-01-11,19.6,21.6,20.97,19.22,303586.94,1.49,7.65,19.422,19.781,20.767,197238.98,181193.3,130261.0,9.76
2012-12-28,18.91,19.87,19.33,18.75,226396.47,0.23,1.2,18.926,19.722,20.946,166592.7,165658.78,120725.37,7.28
2012-12-21,19.4,19.7,19.1,18.53,166853.67,-0.29,-1.5,18.99,19.934,21.162,149880.61,154198.57,113134.38,5.36
2012-12-14,18.28,19.71,19.39,18.13,153783.86,1.07,5.84,19.168,20.031,21.312,148173.74,151231.11,110139.32,4.94
2012-12-07,18.46,18.46,18.32,17.2,135573.98,-0.17,-0.92,19.702,20.115,21.532,181617.99,144574.9,105786.86,4.36
2012-11-30,19.66,19.66,18.49,17.15,150355.53,-1.16,-5.9,20.14,20.341,21.926,165147.61,136676.58,104570.35,4.83
2012-11-23,19.8,20.0,19.65,18.95,142836.02,-0.34,-1.7,20.518,20.784,22.323,164724.85,127345.64,107996.82,4.59
2012-11-16,22.05,22.68,19.99,19.9,158319.31,-2.07,-9.38,20.878,21.119,22.736,158516.53,118158.12,103819.47,5.09
2012-11-09,21.2,23.45,22.06,21.08,321005.12,1.55,7.56,20.894,21.31,23.119,154288.48,105648.09,100105.79,10.32
2012-11-02,20.36,20.91,20.51,19.91,53222.09,0.13,0.64,20.528,21.453,23.455,107531.81,78494.93,91053.94,1.71
2012-10-26,21.4,22.3,20.38,20.03,148241.73,-1.07,-4.99,20.542,21.752,23.726,108205.54,79328.71,92166.05,4.76
2012-10-19,20.14,21.67,21.45,20.0,111794.38,1.38,6.88,21.05,22.169,24.101,89966.42,75791.95,88246.27,3.59
2012-10-12,20.22,21.5,20.07,19.8,137179.08,-0.16,-0.79,21.36,22.39,24.357,77799.72,72070.19,86745.15,4.41
2012-09-28,20.58,20.95,20.23,19.55,87221.76,-0.35,-1.7,21.726,22.592,24.719,57007.71,69047.53,84243.79,2.8
2012-09-21,23.0,23.39,20.58,20.43,56590.74,-2.34,-10.21,22.378,22.949,25.069,49458.04,66998.82,86488.67,1.82
2012-09-14,23.13,23.99,22.92,22.83,57046.16,-0.08,-0.35,22.962,23.511,25.358,50451.87,72464.12,86089.22,1.83
2012-09-07,22.07,23.55,23.0,21.9,50960.84,1.1,5.02,23.288,23.862,25.467,61617.48,88648.0,89555.45,1.64
2012-08-31,23.4,23.4,21.9,21.31,33219.03,-1.59,-6.77,23.42,24.353,25.519,66340.67,89480.83,90451.73,1.07
2012-08-24,23.51,24.42,23.49,23.03,49473.45,-0.01,-0.04,23.458,24.927,25.636,81087.36,94563.49,92332.68,1.59
2012-08-17,24.5,24.7,23.5,23.31,61559.89,-1.05,-4.28,23.52,25.456,25.665,84539.59,103612.95,90764.59,1.98
2012-08-10,23.3,25.17,24.55,23.3,112874.2,0.89,3.76,24.06,25.699,25.677,94476.36,105003.39,89121.11,3.63
2012-08-03,22.1,23.68,23.66,21.73,74576.79,1.57,7.11,24.436,26.033,25.683,115678.52,100700.58,87650.69,2.4
2012-07-27,23.79,23.79,22.09,22.05,106952.45,-1.71,-7.18,25.286,26.324,25.796,112620.98,101420.1,91774.48,3.44
2012-07-20,26.07,26.07,23.8,23.71,66734.63,-2.4,-9.16,26.396,26.845,25.885,108039.63,99440.05,91299.71,2.14
2012-07-13,26.16,26.77,26.2,24.63,111243.75,-0.23,-0.87,27.392,27.188,25.888,122686.3,105978.53,91815.37,3.58
2012-07-06,28.28,28.65,26.43,24.51,218885.0,-1.48,-5.3,27.338,27.204,25.816,115530.43,99714.33,89820.22,7.03
2012-06-29,27.88,28.27,27.91,26.81,59289.07,0.27,0.98,27.63,27.071,25.675,85722.64,90462.89,83159.84,1.91
2012-06-21,28.59,29.5,27.64,27.56,84045.72,-1.14,-3.96,27.362,26.685,25.419,90219.23,91422.62,84499.52,2.7
2012-06-15,25.88,29.15,28.78,25.77,139967.98,2.85,10.99,27.294,26.345,25.153,90840.47,90101.87,83709.95,4.5
2012-06-08,27.75,27.78,25.93,25.84,75464.36,-1.96,-7.03,26.984,25.874,24.803,89270.75,77916.24,87159.58,2.43
2012-06-01,26.48,28.28,27.89,26.05,69846.09,1.32,4.97,27.07,25.655,24.695,83898.22,73238.83,86798.19,2.24
2012-05-25,27.38,27.4,26.57,25.6,81771.98,-0.73,-2.67,26.512,25.333,24.493,95203.14,74600.8,85562.96,2.63
2012-05-18,27.3,28.12,27.3,26.45,87151.92,0.07,0.26,26.008,25.267,24.614,92626.02,82128.87,85915.86,2.8
2012-05-11,26.25,28.4,27.23,25.76,132119.42,0.87,3.3,25.396,24.925,24.703,89363.27,83159.37,83623.64,4.25
2012-05-03,25.41,26.38,26.36,25.21,48601.71,1.26,5.02,24.764,24.587,24.739,66561.72,77652.2,79179.88,1.56
2012-04-27,24.0,25.7,25.1,23.95,126370.68,1.05,4.37,24.24,24.428,24.855,62579.44,79926.12,80249.61,4.06
2012-04-20,24.0,24.85,24.05,23.7,68886.38,-0.19,-0.78,24.154,24.279,25.075,53998.45,75856.79,80457.03,2.21
2012-04-13,24.02,24.51,24.24,23.3,70838.16,0.17,0.71,24.526,24.153,25.333,71631.71,77576.42,82890.71,2.28
2012-04-06,23.8,24.4,24.07,23.55,18111.65,0.33,1.39,24.454,23.96,25.499,76955.47,77318.04,82882.16,0.58
2012-03-30,24.54,24.88,23.74,23.46,28690.35,-0.93,-3.77,24.41,23.731,25.7,88742.69,96402.93,87148.01,0.92
2012-03-23,26.06,26.65,24.67,24.02,83465.72,-1.24,-4.79,24.616,23.734,25.919,97272.79,100357.55,90477.67,2.68
2012-03-16,23.94,26.1,25.91,23.77,157052.66,2.03,8.5,24.404,23.652,26.025,97715.13,96525.12,89721.96,5.05
2012-03-09,23.99,24.13,23.88,23.03,97456.98,0.03,0.13,23.78,23.961,25.973,83521.14,89702.86,84412.42,3.13
2012-03-02,24.78,24.88,23.85,23.6,77047.75,-0.92,-3.71,23.466,24.48,26.024,77680.6,84087.9,81991.48,2.48
2012-02-24,23.48,24.83,24.77,22.97,71340.83,1.16,4.91,23.052,24.891,25.989,104063.18,80707.56,79914.6,2.29
2012-02-17,22.61,24.44,23.61,22.44,85677.42,0.82,3.6,22.852,25.282,25.98,103442.32,80573.1,79154.24,2.75
2012-02-10,22.59,23.35,22.79,22.31,86082.7,0.48,2.15,22.9,25.87,26.109,95335.11,85057.27,76331.1,2.77
2012-02-03,21.8,22.59,22.31,21.03,68254.31,0.53,2.43,24.142,26.512,26.266,95884.58,88205.01,75581.05,2.19
2012-01-20,23.72,23.72,21.78,19.25,208960.62,-1.99,-8.37,25.494,27.037,26.484,90495.2,88446.28,76317.16,6.72
2012-01-13,23.85,25.5,23.77,23.28,68236.54,-0.08,-0.34,26.73,27.669,26.775,57351.94,77893.09,69736.23,2.19
2012-01-06,28.7,28.7,23.85,23.45,45141.37,-2.24,-7.72,27.712,28.103,26.95,57703.88,80597.79,69663.88,1.45
2011-12-30,28.69,29.18,29.0,25.91,88830.08,-0.07,-0.24,28.84,28.397,27.17,74779.42,82918.79,73684.85,2.85
2011-12-23,27.96,29.79,29.07,27.57,41307.41,1.11,3.97,28.882,27.984,27.09,80525.43,79121.99,77653.65,1.4
2011-12-16,28.1,29.03,27.96,26.5,43244.3,-0.72,-2.51,28.58,27.567,27.101,86397.36,79895.06,87550.36,1.46
2011-12-09,29.24,29.62,28.68,27.51,69996.25,-0.81,-2.75,28.608,27.086,27.133,98434.23,79121.65,102247.8,2.37
2011-12-02,29.02,30.68,29.49,28.6,130519.07,0.28,0.96,28.494,26.678,27.103,103491.7,77735.39,119852.99,4.41
2011-11-25,27.2,29.35,29.21,27.1,117560.12,1.65,5.99,27.954,26.348,26.876,91058.16,67604.94,121875.91,3.97
2011-11-18,28.15,28.88,27.56,27.2,70667.05,-0.54,-1.92,27.086,26.019,26.678,77718.55,62957.09,124943.92,2.39
2011-11-11,28.01,28.7,28.1,27.5,103428.68,-0.01,-0.04,26.554,25.93,26.514,73392.76,64188.04,125165.01,3.5
2011-11-04,26.77,28.84,28.11,26.4,95283.6,1.32,4.93,25.564,25.88,26.284,59809.07,61579.36,123929.37,3.22
2011-10-28,24.53,27.07,26.79,23.9,68351.37,1.92,7.72,24.862,25.796,26.18,51979.07,58729.98,121680.41,2.31
2011-10-21,25.15,25.66,24.87,23.9,50862.04,-0.03,-0.12,24.742,25.943,26.145,44151.72,64450.9,121917.08,1.72
2011-10-14,23.28,25.5,24.9,23.18,49038.09,1.75,7.56,24.952,26.196,26.176,48195.64,76185.31,123242.38,1.66
2011-09-30,24.6,24.73,23.15,22.78,35510.24,-1.45,-5.89,25.306,26.635,26.321,54983.32,95205.66,125246.42,1.2
2011-09-23,26.2,26.38,24.6,24.41,56133.6,-1.59,-6.07,26.196,27.179,26.537,63349.66,125373.95,129535.93,1.9
2011-09-16,25.3,26.22,26.19,25.05,29214.65,0.27,1.04,26.73,27.528,26.725,65480.88,161970.6,131860.78,0.99
2011-09-09,26.5,27.1,25.92,24.9,71081.63,-0.75,-2.81,27.144,27.403,26.748,84750.08,176146.87,136712.2,2.4
2011-09-02,27.6,28.78,26.67,26.6,82976.48,-0.93,-3.37,27.44,27.337,26.897,104174.97,186930.75,141411.46,2.8
2011-08-26,27.16,28.19,27.6,26.55,77341.93,0.33,1.21,27.964,27.098,26.988,135428.01,186141.99,143895.45,2.61
2011-08-19,28.26,29.15,27.27,26.81,66789.73,-0.99,-3.5,28.162,26.688,27.075,187398.23,186279.38,143573.07,2.26
2011-08-12,27.03,28.46,28.26,25.3,125560.62,0.86,3.14,28.326,26.563,27.143,258460.32,184630.84,151097.99,4.24
2011-08-05,29.11,29.3,27.4,26.7,168206.09,-1.89,-6.45,27.662,26.346,27.297,267543.66,179383.26,148903.97,5.69
2011-07-29,28.8,31.3,29.29,28.15,239241.66,0.7,2.45,27.234,26.156,27.522,269686.53,170299.46,151266.88,8.09
2011-07-22,28.25,29.65,28.59,27.8,337193.06,0.5,1.78,26.232,26.007,27.68,236855.97,155287.18,152408.72,11.4
2011-07-15,24.88,29.25,28.09,24.38,422100.16,3.15,12.63,25.214,25.894,27.786,185160.52,133697.91,143929.7,14.27
2011-07-08,25.2,26.5,24.94,24.88,170977.31,-0.32,-1.27,24.8,25.922,27.938,110801.35,101750.96,127528.21,5.78
2011-07-01,24.22,25.35,25.26,23.78,178920.48,0.98,4.04,25.03,26.092,28.333,91222.87,97277.53,122956.85,6.05
2011-06-24,23.42,24.35,24.28,22.58,75088.85,0.78,3.32,25.078,26.456,28.666,70912.38,95892.16,116500.01,2.54
2011-06-17,25.81,25.81,23.5,23.33,78715.79,-2.52,-9.69,25.782,26.877,28.988,73718.39,101648.9,114112.36,2.66
2011-06-10,26.0,26.75,26.02,25.4,50304.34,-0.07,-0.27,26.574,27.461,29.331,82235.31,100866.76,115593.97,1.7
2011-06-03,25.5,26.15,26.09,25.03,73084.88,0.59,2.31,27.044,27.723,29.656,92700.57,117565.14,115242.76,2.47
2011-05-27,27.84,27.84,25.5,25.0,77368.02,-2.3,-8.27,27.154,28.247,30.035,103332.19,118424.67,114782.39,2.61
2011-05-20,27.5,28.23,27.8,27.35,89118.91,0.34,1.24,27.834,28.888,30.588,120871.94,132234.31,114323.03,3.01
2011-05-13,28.37,28.6,27.46,27.15,121300.41,-0.91,-3.21,27.972,29.352,30.999,129579.42,149530.27,114580.16,4.1
2011-05-06,26.57,28.66,28.37,26.11,102630.65,1.73,6.49,28.348,29.677,31.416,119498.21,154161.49,112910.87,3.47
2011-04-29,28.78,28.78,26.64,26.11,126242.97,-2.26,-7.82,28.402,29.953,31.933,142429.71,153305.46,111348.71,4.27
2011-04-22,28.47,30.0,28.9,28.0,165066.78,0.41,1.44,29.34,30.573,32.612,133517.14,148636.17,107774.06,5.58
2011-04-15,29.28,29.61,28.49,28.25,132656.28,-0.85,-2.9,29.942,30.875,33.108,143596.67,137107.86,103769.31,4.48
2011-04-08,28.65,29.37,29.34,28.12,70894.35,0.7,2.44,30.732,31.098,33.672,169481.11,126575.82,101540.0,2.4
2011-04-01,31.35,31.45,28.64,28.05,217288.16,-2.69,-8.59,31.006,31.201,34.135,188824.78,130321.17,102688.75,7.34
2011-03-25,32.0,32.0,31.33,30.9,81680.15,-0.58,-1.82,31.504,31.588,34.593,164181.21,112920.37,101742.1,2.76
2011-03-18,32.39,33.49,31.91,31.31,215464.42,-0.53,-1.63,31.806,31.823,34.997,163755.19,111140.11,108207.38,7.28
2011-03-11,30.88,32.73,32.44,30.12,262078.48,1.73,5.63,31.808,32.287,35.199,130619.06,96411.75,104734.91,8.86
2011-03-04,31.15,31.86,30.71,30.12,167612.7,-0.42,-1.35,31.464,32.646,35.426,83670.52,79630.06,97963.91,5.66
2011-02-25,32.5,32.97,31.13,30.9,94070.31,-1.71,-5.21,31.396,33.155,35.653,71817.57,71660.24,95724.69,3.18
2011-02-18,32.08,33.1,32.84,31.82,79550.04,0.92,2.88,31.672,33.912,36.159,61659.53,69391.96,92289.39,2.69
2011-02-11,30.51,32.44,31.92,30.26,49783.75,1.2,3.91,31.84,34.651,36.582,58525.03,66911.95,92453.45,1.68
2011-02-01,30.5,30.97,30.72,30.0,27335.79,0.35,1.15,32.766,35.34,36.903,62204.44,70430.75,91910.93,0.92
2011-01-28,32.6,32.6,30.37,29.05,108347.94,-2.14,-6.58,33.828,36.245,37.288,75589.6,76504.19,93378.74,3.66
2011-01-21,33.68,34.11,32.51,32.2,43280.14,-1.17,-3.47,34.914,37.069,37.694,71502.91,75056.33,95291.56,1.46
2011-01-14,36.88,36.88,33.68,33.51,63877.52,-2.87,-7.85,36.152,37.597,37.758,77124.38,90563.83,95075.96,2.16
2011-01-07,36.5,38.16,36.55,36.06,68180.83,0.52,1.44,37.462,38.171,37.815,75298.88,105274.64,97464.16,2.3
2010-12-31,35.69,36.78,36.03,33.5,94261.55,0.23,0.64,37.914,38.111,37.611,78657.05,113058.07,96843.41,3.19
2010-12-24,38.72,39.2,35.8,34.8,87914.49,-2.9,-7.49,38.662,38.206,37.507,77418.78,116297.77,94140.93,2.97
2010-12-17,40.24,40.48,38.7,38.35,71387.51,-1.53,-3.8,39.224,38.15,37.33,78609.75,119789.15,92359.07,2.41
2010-12-10,38.75,40.33,40.23,37.02,54750.02,1.42,3.66,39.042,38.406,36.948,104003.27,115186.83,91830.86,1.85
2010-12-03,39.71,43.0,38.81,38.13,84971.68,-0.96,-2.41,38.88,38.512,36.419,135250.41,117994.95,91229.45,2.87
2010-11-26,38.62,41.35,39.77,38.61,88070.18,1.16,3.0,38.308,38.465,36.004,147459.08,113391.12,91036.3,2.98
2010-11-19,37.92,40.5,38.61,36.2,93869.38,0.82,2.17,37.75,38.33,35.417,155176.77,110253.29,90922.79,3.17
2010-11-12,39.42,43.73,37.79,37.7,198355.11,-1.63,-4.13,37.076,38.319,34.966,160968.55,115526.8,88500.01,6.7
2010-11-05,36.05,40.35,39.42,34.98,210985.7,3.47,9.65,37.77,37.919,34.639,126370.39,99588.08,82388.2,7.13
2010-10-29,36.9,37.6,35.95,35.3,146015.05,-1.03,-2.79,38.144,37.459,34.419,100739.49,89653.68,74133.83,4.93
2010-10-22,35.01,37.9,36.98,32.6,126658.59,1.74,4.94,38.622,37.11,34.36,79323.15,80628.75,69264.4,4.28
2010-10-15,41.2,41.2,35.24,33.61,122828.3,-6.02,-14.59,38.91,36.808,34.396,65329.81,71984.1,66148.8,4.15
2010-10-08,41.9,41.99,41.26,40.06,25364.32,-0.03,-0.07,39.562,36.509,34.396,70085.05,64928.98,64039.58,0.86
2010-09-30,41.9,42.6,41.29,39.09,82831.21,2.95,7.69,38.068,35.49,34.076,72805.77,68474.89,66023.87,2.8
2010-09-14,38.5,38.82,38.34,37.38,38933.34,-0.08,-0.21,36.774,34.326,33.8,78567.86,64463.95,66323.82,1.32
2010-09-10,38.92,39.0,38.42,36.65,56691.86,-0.08,-0.21,35.598,33.542,33.46,81934.35,68681.48,66885.17,1.92
2010-09-03,33.85,39.7,38.5,33.85,146604.5,4.71,13.94,34.706,32.503,33.233,78638.39,71592.3,69222.54,4.95
2010-08-27,34.8,35.24,33.79,33.15,38967.96,-1.03,-2.96,33.456,31.612,32.843,59772.91,61473.23,68016.21,1.32
2010-08-20,32.75,35.55,34.82,32.46,111641.62,2.36,7.27,32.912,31.358,32.619,64144.01,65188.32,70001.23,3.77
2010-08-13,34.09,34.48,32.46,31.9,55765.83,-1.5,-4.42,31.878,31.378,32.291,50360.05,58613.98,69909.19,1.88
2010-08-06,32.48,34.08,33.96,31.52,40212.03,1.71,5.3,31.486,31.61,32.076,55428.6,57900.04,70185.2,1.36
2010-07-30,31.07,33.5,32.25,31.01,52277.11,1.18,3.8,30.3,31.983,31.724,64546.2,60313.5,69859.58,1.77
2010-07-23,29.54,31.38,31.07,29.01,60823.48,1.42,4.79,29.768,32.282,31.455,63173.55,63150.17,69074.5,2.06
2010-07-16,30.51,31.35,29.65,28.52,42721.82,-0.85,-2.79,29.804,32.662,31.328,66232.63,63572.85,69748.03,1.44
2010-07-09,27.3,30.55,30.5,26.0,81108.55,2.47,8.81,30.878,33.273,31.275,66867.9,68183.69,72342.15,2.74
2010-07-02,29.59,31.97,28.03,27.5,85800.05,-1.56,-5.27,31.734,33.377,31.088,60371.48,65088.86,69861.74,2.9
2010-06-25,30.97,32.8,29.59,29.2,45413.85,-1.66,-5.31,33.666,33.962,31.017,56080.81,66852.79,69410.96,1.53
2010-06-18,35.02,35.5,31.25,30.0,76118.9,-3.77,-10.77,34.796,34.073,30.928,63126.8,74559.19,73735.03,2.57
2010-06-11,34.57,36.47,35.02,34.28,45898.15,0.24,0.69,35.52,33.88,30.685,60913.06,74814.14,76512.86,1.55
2010-06-04,37.5,38.18,34.78,34.36,48626.47,-2.91,-7.72,35.668,33.203,30.191,69499.47,81204.41,78943.86,1.64
2010-05-28,35.24,38.0,37.69,35.0,64346.66,2.45,6.95,35.02,32.542,29.637,69806.24,82470.36,84973.4,2.17
2010-05-21,35.0,36.69,35.24,32.17,80643.81,0.37,1.06,34.258,31.464,28.912,77624.77,79405.66,88350.49,2.73
2010-05-14,35.55,35.55,34.87,31.02,65050.23,-0.89,-2.49,33.35,30.628,28.292,85991.58,74998.83,89182.98,3.31
2010-05-07,29.8,38.5,35.76,29.8,88830.19,4.22,13.38,32.24,29.994,27.594,88715.22,75923.22,90517.11,4.52
2010-04-30,33.9,34.25,31.54,30.7,50160.3,-2.34,-6.91,30.738,29.276,26.952,92909.35,76500.62,90690.7,2.55
2010-04-23,30.37,34.47,33.88,30.15,103439.33,3.18,10.36,30.064,28.799,26.531,95134.49,74634.62,97231.44,5.27
2010-04-16,29.33,31.37,30.7,28.89,122477.86,1.38,4.71,28.67,28.072,25.986,81186.54,71969.14,100801.2,6.24
2010-04-09,28.25,29.49,29.32,27.36,78668.41,1.07,3.79,27.906,27.782,25.54,64006.07,72910.88,103667.05,4.01
2010-04-02,27.95,28.41,28.25,26.5,109800.85,0.08,0.28,27.748,27.49,25.089,63131.22,78211.58,106906.71,5.59
2010-03-26,26.95,28.88,28.17,26.38,61285.99,1.26,4.68,27.814,27.179,24.67,60091.9,76683.31,111355.47,3.12
2010-03-19,26.9,28.2,26.91,26.44,33699.58,0.03,0.11,27.534,26.732,24.187,54134.76,87476.43,117387.04,1.72
2010-03-12,28.3,29.18,26.88,26.8,36575.53,-1.65,-5.78,27.474,26.359,23.752,62751.73,97295.32,126950.95,1.86
2010-03-05,28.57,29.56,28.53,28.12,74294.14,-0.05,-0.17,27.658,25.956,23.241,81815.69,103367.14,129295.38,3.78
2010-02-26,26.97,29.33,28.58,26.13,94604.24,1.81,6.76,27.232,25.193,22.659,93291.94,105111.0,126578.92,4.82
2010-02-12,26.71,27.2,26.77,26.03,31500.31,0.16,0.6,26.544,24.627,22.05,93274.72,104880.79,124552.86,1.6
2010-02-05,27.78,28.55,26.61,26.2,76784.45,-1.19,-4.28,25.93,24.263,21.562,120818.1,119828.26,131554.45,3.91
2010-01-29,26.36,28.35,27.8,25.5,131895.3,1.4,5.3,25.244,23.9,21.137,131838.91,129633.26,137800.22,6.72
2010-01-22,25.16,27.68,26.4,25.14,131675.39,1.26,5.01,24.254,23.297,20.636,124918.59,134423.22,165083.16,6.71
2010-01-15,23.9,25.55,25.14,25.14,94518.13,1.44,6.08,23.154,22.687,20.176,116930.07,135601.85,184146.29,4.81
2010-01-08,23.3,24.55,23.7,22.69,169217.23,0.52,2.24,22.71,22.161,19.724,116486.85,146027.63,228920.28,8.62
2009-12-31,22.84,23.19,23.18,22.04,131888.48,0.33,1.44,22.596,21.641,19.288,118838.43,147297.66,240020.22,6.72
2009-12-25,20.93,22.9,22.85,20.56,97293.74,1.95,9.33,22.556,21.144,18.842,127427.61,156606.58,261887.2,4.95
2009-12-18,22.85,23.1,20.9,20.66,91732.76,-2.02,-8.81,22.34,20.525,18.405,143927.85,155223.62,275158.91,4.67
2009-12-11,23.13,23.8,22.92,22.5,92302.06,-0.21,-0.91,22.22,20.125,18.073,154273.63,148046.84,287224.27,4.7
2009-12-04,22.88,25.2,23.13,22.5,180975.09,0.15,0.65,21.612,19.472,17.654,175568.4,144224.94,300747.02,9.22
2009-11-27,21.82,23.89,22.98,21.31,174834.42,1.21,5.56,20.686,18.861,17.228,175756.89,143280.63,311353.46,8.9
2009-11-20,20.2,22.28,21.77,19.95,179794.91,1.47,7.24,19.732,18.373,16.84,185785.54,145967.19,334615.99,9.16
2009-11-13,19.8,21.19,20.3,19.3,143461.67,0.42,2.11,18.71,17.975,16.492,166519.39,195743.1,348599.75,7.31
2009-11-06,18.2,20.3,19.88,18.08,198775.92,1.38,7.46,18.03,17.665,16.264,141820.06,232690.73,373836.16,10.12
2009-10-30,18.18,18.77,18.5,17.5,181917.53,0.29,1.59,17.332,17.287,15.941,112881.47,311812.94,378753.07,9.26
2009-10-23,16.66,18.66,18.21,16.5,224977.69,1.55,9.3,17.036,16.934,15.651,110804.37,332742.78,383280.04,11.46
2009-10-16,16.86,17.15,16.66,16.32,83464.14,-0.24,-1.42,17.014,16.539,15.363,106148.83,367167.81,378685.66,4.25
2009-10-09,16.36,16.97,16.9,16.31,19965.0,0.51,3.11,17.24,16.285,15.145,224966.8,395094.2,380058.4,1.02
2009-09-30,17.05,17.29,16.39,15.95,54083.0,-0.63,-3.7,17.3,16.02,14.923,323561.4,426401.7,388326.8,2.75
2009-09-25,17.78,18.38,17.02,16.41,171532.0,-1.08,-5.97,17.242,15.836,14.745,510744.4,457269.1,397015.65,8.73
2009-09-17,17.79,18.5,18.1,17.4,201700.0,0.31,1.74,16.832,15.594,14.55,554681.2,479426.3,403530.0,10.27
2009-09-11,17.3,18.58,17.79,16.19,677554.0,0.59,3.43,16.064,15.307,14.284,628186.8,523264.8,401598.1,34.5
2009-09-04,15.8,17.3,17.2,14.9,512938.0,1.1,6.83,15.33,15.008,14.033,565221.6,501456.4,377985.6,26.12
2009-08-28,15.0,18.0,16.1,14.8,989998.0,1.13,7.55,14.74,14.862,13.851,529242.0,514981.6,370218.45,50.41
2009-08-21,14.0,15.0,14.97,13.05,391216.0,0.71,4.98,14.43,14.594,13.708,403793.8,445693.2,329001.5,19.92
2009-08-14,14.13,15.48,14.26,14.12,569228.0,0.14,0.99,14.356,14.368,13.631,404171.4,433817.3,318805.75,28.99
2009-08-07,14.25,14.9,14.12,13.95,362728.0,-0.13,-0.91,14.55,14.187,13.618,418342.8,390203.5,301541.0,18.47
2009-07-31,14.55,14.99,14.25,13.47,333040.0,-0.3,-2.06,14.686,14.004,13.579,437691.2,365022.6,292663.2,16.96
2009-07-24,14.66,15.01,14.55,14.48,362757.0,-0.05,-0.34,14.984,13.825,13.513,500721.2,350251.9,281743.65,18.47
2009-07-17,15.0,15.22,14.6,14.55,393104.0,-0.63,-4.14,14.758,13.653,13.431,487592.6,336762.2,273600.1,20.02
2009-07-10,14.8,16.1,15.23,14.41,640085.0,0.43,2.9,14.38,13.505,13.271,463463.2,327633.7,260925.85,32.59
2009-07-03,15.75,15.8,14.8,14.61,459470.0,-0.94,-5.97,13.824,13.26,13.179,362064.2,279931.4,236882.35,23.4
2009-06-26,13.32,16.14,15.74,13.21,648190.0,2.32,17.29,13.322,13.058,13.141,292354.0,254514.8,230323.1,33.01
2009-06-19,12.76,14.19,13.42,12.73,297114.0,0.71,5.59,12.666,12.839,13.014,199782.6,225455.3,207124.4,15.13
2009-06-12,12.52,13.29,12.71,12.15,272457.0,0.26,2.09,12.548,12.822,12.986,185931.8,212309.8,199899.05,13.87
2009-06-05,12.35,12.65,12.45,12.23,133090.0,0.16,1.3,12.63,12.893,13.003,191804.2,203794.2,193575.3,6.78
2009-05-27,12.36,12.66,12.29,12.13,110919.0,-0.17,-1.36,12.696,13.048,13.057,197798.6,212878.5,194590.05,5.65
2009-05-22,12.83,13.05,12.46,12.4,185333.0,-0.37,-2.88,12.794,13.154,13.016,216675.6,220303.8,196327.4,9.44
2009-05-15,13.14,13.39,12.83,12.66,227860.0,-0.29,-2.21,13.012,13.201,12.993,251128.0,213235.4,202312.75,12.55
2009-05-08,12.92,13.74,13.12,12.61,301819.0,0.34,2.66,13.096,13.208,12.85,238687.8,210438.0,209865.85,16.62
2009-04-30,12.71,13.16,12.78,12.0,163062.0,0.0,0.0,13.156,13.037,12.664,215784.2,194218.0,215229.55,8.98
2009-04-24,13.5,13.63,12.78,12.65,205304.0,-0.77,-5.68,13.4,13.097,12.443,227958.4,193833.3,217357.6,11.31
2009-04-17,13.3,14.1,13.55,13.23,357595.0,0.3,2.26,13.514,13.223,12.211,223932.0,206131.4,220447.25,19.69
2009-04-10,13.65,13.68,13.25,13.0,165659.0,-0.17,-1.27,13.39,13.189,11.941,175342.8,188793.5,213282.55,9.12
2009-04-03,14.05,14.3,13.42,13.3,187301.0,-0.58,-4.14,13.32,13.149,11.621,182188.2,187488.3,208912.3,10.31
2009-03-27,13.7,14.3,14.0,13.28,223933.0,0.65,4.87,12.918,13.113,11.304,172651.8,183356.4,205882.55,12.33
2009-03-20,12.75,14.06,13.35,12.71,185172.0,0.42,3.25,12.794,13.065,10.978,159708.2,176301.6,201000.15,10.2
2009-03-13,12.83,13.27,12.93,12.01,114649.0,0.03,0.23,12.932,12.877,10.675,188330.8,172351.0,203481.25,6.31
2009-03-06,11.28,13.58,12.9,11.28,199886.0,1.49,13.06,12.988,12.784,10.435,202244.2,191390.1,215899.65,11.01
2009-02-27,13.38,13.7,11.41,11.28,139619.0,-1.97,-14.72,12.978,12.492,10.182,192788.4,209293.7,222174.45,7.69
2009-02-20,14.05,14.15,13.38,12.74,159215.0,-0.66,-4.7,13.308,12.291,9.994,194061.0,236241.1,219838.8,8.77
2009-02-13,13.24,14.56,14.04,12.95,328285.0,0.83,6.28,13.336,11.789,9.693,192895.0,240881.9,215700.15,18.08
2009-02-06,12.9,13.64,13.21,12.68,184216.0,0.36,2.8,12.822,11.199,9.402,156371.2,234763.1,202415.9,10.14
2009-01-23,13.02,13.41,12.85,12.24,152607.0,-0.21,-1.61,12.58,10.692,9.189,180536.0,237771.6,200006.55,8.4
2009-01-16,13.38,13.9,13.06,12.79,145982.0,-0.46,-3.4,12.006,10.093,9.054,225799.0,230336.3,196493.2,8.04
2009-01-09,11.23,13.57,13.52,11.23,153385.0,2.05,17.87,11.274,9.495,8.945,278421.2,228408.7,192893.65,8.45
2008-12-26,12.01,12.01,11.47,10.6,145666.0,-0.53,-4.42,10.242,8.891,8.824,288868.8,225698.7,189223.8,8.02
2008-12-19,10.2,12.03,12.0,10.08,305040.0,2.02,20.24,9.576,8.473,8.88,313155.0,234611.5,188670.35,16.8
2008-12-12,9.47,10.4,9.98,9.18,378922.0,0.58,6.17,8.804,8.086,8.931,295007.2,240409.2,180599.55,20.87
2008-12-05,8.35,9.8,9.4,8.28,409093.0,1.04,12.44,8.18,7.871,9.077,234873.6,235055.2,172138.15,22.53
2008-11-28,8.14,8.55,8.36,7.64,205623.0,0.22,2.7,7.716,7.697,9.276,178396.2,203436.5,167225.8,11.32
2008-11-21,8.11,8.69,8.14,7.52,267097.0,0.0,0.0,7.54,7.596,9.532,162528.6,190518.4,171001.65,14.71
2008-11-14,6.98,8.2,8.14,6.98,214301.0,1.28,18.66,7.37,7.605,9.726,156068.0,170068.7,173184.05,11.8
2008-11-07,7.0,7.06,6.86,6.6,78254.0,-0.22,-3.11,7.368,7.685,9.903,185811.2,162241.5,175361.35,4.31
2008-10-31,7.35,7.61,7.08,7.0,126706.0,-0.4,-5.35,7.562,8.015,10.13,235236.8,162650.1,178232.85,6.98
2008-10-24,7.29,7.81,7.48,6.93,126285.0,0.19,2.61,7.678,8.394,10.375,228476.8,157378.6,177307.25,6.95
2008-10-17,8.09,8.86,7.29,7.1,234794.0,-0.84,-10.33,7.652,8.756,10.648,218508.2,152748.9,179853.9,12.93
2008-10-10,7.6,8.71,8.13,7.51,363017.0,0.3,3.83,7.84,9.287,10.941,184069.4,142729.2,181964.3,19.99
2008-09-26,8.15,8.43,7.83,6.98,325382.0,0.17,2.22,8.002,9.775,11.278,138671.8,120789.9,198536.8,17.92
2008-09-19,7.35,7.66,7.66,6.6,92906.0,0.31,4.22,8.468,10.282,11.562,90063.4,109221.1,198070.85,5.12
2008-09-12,8.28,8.3,7.35,7.21,76442.0,-0.88,-10.69,9.11,10.854,11.848,86280.4,131015.1,201908.25,4.21
2008-09-05,8.76,8.76,8.23,8.05,62600.0,-0.71,-7.94,9.86,11.467,12.124,86989.6,151484.9,219303.0,3.45
2008-08-29,10.18,10.36,8.94,8.3,136029.0,-1.22,-12.01,10.734,11.846,12.211,101389.0,176299.4,224578.7,7.49
2008-08-22,10.85,11.1,10.16,9.98,82340.0,-0.71,-6.53,11.548,12.12,12.358,102908.0,188481.2,226943.15,4.53
2008-08-15,11.12,11.27,10.87,10.35,73991.0,-0.23,-2.07,12.096,12.245,12.392,128378.8,193815.6,230049.6,4.07
2008-08-08,12.48,12.5,11.1,10.8,79988.0,-1.5,-11.9,12.598,12.356,12.429,175749.8,197235.9,235230.35,4.4
2008-08-01,13.0,13.68,12.6,12.26,134597.0,-0.41,-3.15,13.074,12.539,12.562,215980.2,206958.9,246894.05,7.41
2008-07-25,12.88,13.52,13.01,12.6,143624.0,0.11,0.85,12.958,12.595,12.729,251209.8,221199.4,245839.4,7.91
2008-07-18,12.99,13.7,12.9,12.0,209694.0,-0.48,-3.59,12.692,12.781,12.978,274054.4,276283.7,246619.5,11.55
2008-07-10,13.48,14.5,13.38,13.35,310846.0,-0.1,-0.74,12.394,12.841,13.245,259252.4,286920.6,244759.7,17.12
2008-07-04,11.95,14.24,13.48,11.61,281140.0,1.46,12.15,12.114,12.842,13.461,218722.0,272801.4,235520.95,15.48
2008-06-27,11.41,13.36,12.02,11.03,310745.0,0.34,2.91,12.004,12.781,13.629,197937.6,287121.1,224898.05,17.11
2008-06-20,11.48,12.52,11.68,10.6,257847.0,0.27,2.37,12.232,12.576,13.835,191189.0,272858.0,212468.25,14.2
2008-06-13,11.58,11.64,11.41,10.66,135684.0,-0.57,-4.76,12.87,12.596,14.003,278513.0,265405.1,206057.3,7.47
2008-06-06,12.9,13.18,11.98,11.9,108194.0,-0.95,-7.35,13.288,12.538,14.318,314588.8,266283.6,212027.8,5.96
2008-05-30,13.0,13.8,12.93,12.7,177218.0,-0.23,-1.75,13.57,12.501,14.697,326880.8,273224.8,224542.0,9.76
2008-05-23,14.6,15.48,13.16,12.65,277002.0,-1.71,-11.5,13.558,12.584,14.985,376304.6,286829.2,229789.95,15.25
2008-05-16,13.6,16.34,14.87,13.4,694467.0,1.37,10.15,12.92,12.862,15.32,354527.0,270479.4,222073.8,41.64
2008-05-09,13.52,14.33,13.5,12.49,316063.0,0.11,0.82,12.322,13.175,15.497,252297.2,216955.3,200439.2,18.95
2008-04-30,12.35,13.48,13.39,12.25,169654.0,0.52,4.04,11.788,13.649,15.717,217978.4,202598.8,197525.5,10.17
2008-04-25,10.92,13.37,12.87,9.76,424337.0,2.9,29.09,11.432,14.079,15.91,219568.8,198240.5,201584.15,25.44
2008-04-18,11.69,11.7,9.97,9.85,168114.0,-1.91,-16.08,11.61,14.476,16.054,197353.8,162675.0,188871.7,10.08
2008-04-10,10.8,12.2,11.88,10.6,183318.0,1.05,9.7,12.804,15.093,16.267,186431.8,152078.5,185433.35,10.99
2008-04-03,11.2,11.45,10.83,9.16,144469.0,-0.78,-6.72,14.028,15.41,16.402,181613.4,146709.5,185198.1,8.66
2008-03-28,13.79,13.81,11.61,10.6,177606.0,-2.15,-15.62,15.51,16.097,16.527,187219.2,157772.0,183528.35,10.65
2008-03-21,16.02,16.19,13.76,11.9,313262.0,-2.18,-13.68,16.726,16.893,16.616,176912.2,175859.2,178042.4,18.78
2008-03-14,18.0,18.0,15.94,15.5,113504.0,-2.06,-11.44,17.342,17.386,16.647,127996.2,172750.7,168300.2,6.8
2008-03-07,18.4,19.23,18.0,17.61,159226.0,-0.24,-1.32,17.382,17.778,16.585,117725.2,173668.2,181445.85,9.55
2008-02-29,17.69,18.95,18.24,17.25,172498.0,0.55,3.11,16.792,17.818,16.526,111805.6,183923.1,180055.2,10.34
2008-02-22,17.77,18.26,17.69,17.16,126071.0,0.85,5.05,16.684,17.785,16.46,128324.8,192452.2,182608.2,7.56
2008-02-15,16.0,17.15,16.84,15.6,68682.0,0.7,4.34,17.06,17.74,16.444,174806.2,204927.8,183149.25,4.12
2008-02-05,15.62,16.48,16.14,15.2,62149.0,1.09,7.24,17.43,17.631,16.452,217505.2,215068.4,188264.55,3.73
2008-02-01,17.6,17.61,15.05,14.68,129628.0,-2.65,-14.97,18.174,17.441,16.539,229611.2,218788.2,195374.3,7.77
2008-01-25,19.64,20.28,17.7,16.8,255094.0,-1.87,-9.55,18.844,17.393,16.717,256040.6,223686.7,200121.45,15.29
2008-01-18,18.66,20.55,19.57,18.35,358478.0,0.88,4.71,18.886,16.956,16.801,256579.6,209284.7,198494.5,21.49
2008-01-11,19.7,19.95,18.69,18.29,282177.0,-1.17,-5.89,18.42,16.339,17.146,235049.4,180225.6,192303.75,16.92
2008-01-03,18.4,19.98,19.86,18.16,122679.0,1.46,7.93,17.832,15.907,17.465,212631.6,163849.7,185109.35,7.36
2007-12-28,17.95,19.45,18.4,17.95,261775.0,0.49,2.74,16.708,15.392,17.745,207965.2,189223.5,188013.3,15.69
2007-12-21,17.43,17.97,17.91,16.56,257789.0,0.67,3.89,15.942,15.233,18.19,191332.8,176187.3,189553.35,15.46
2007-12-14,15.5,17.5,17.24,15.4,250827.0,1.49,9.46,15.026,15.134,18.586,161989.8,172764.2,192638.7,15.04
2007-12-07,14.21,16.12,15.75,13.88,170088.0,1.51,10.6,14.258,15.147,18.819,125401.8,161370.7,185117.6,10.2
2007-11-30,14.9,15.22,14.24,13.51,99347.0,-0.33,-2.27,13.982,15.272,19.063,115067.8,161460.7,180068.85,5.96
2007-11-23,13.43,15.38,14.57,13.35,178613.0,1.24,9.3,14.076,15.637,19.405,170481.8,171960.4,182423.65,10.71
2007-11-16,13.18,13.49,13.33,12.1,111074.0,-0.07,-0.52,14.524,16.041,19.599,161041.8,176556.2,181294.8,6.66
2007-11-09,14.4,14.88,13.4,13.18,67887.0,-0.97,-6.75,15.242,16.646,20.081,183538.6,187704.3,184091.85,4.07
2007-11-02,14.97,15.8,14.37,14.15,118418.0,-0.34,-2.31,16.036,17.952,20.604,197339.6,204381.9,193254.8,7.1
2007-10-26,16.31,18.18,14.71,14.18,376417.0,-2.1,-12.49,16.562,19.023,20.981,207853.6,206369.0,202366.6,22.57
2007-10-18,16.92,17.4,16.81,16.2,131413.0,-0.11,-0.65,17.198,20.097,21.463,173439.0,186803.1,194694.3,7.88
2007-10-12,17.5,18.02,16.92,16.22,223558.0,-0.45,-2.59,17.558,21.146,21.858,192070.6,202919.4,194101.85,13.4
2007-09-28,17.0,17.7,17.37,16.2,136892.0,0.37,2.18,18.05,22.038,22.948,191870.0,212513.2,187971.35,8.21
2007-09-21,18.0,18.35,17.0,16.62,170988.0,-0.89,-4.97,19.868,22.491,23.994,211424.2,208864.5,183477.0,10.25
2007-09-14,18.55,18.55,17.89,16.9,204344.0,-0.72,-3.87,21.484,22.854,24.919,204884.4,198677.0,182198.75,12.25
2007-09-07,19.6,19.78,18.61,18.48,224571.0,-0.77,-3.97,22.996,23.173,25.44,200167.2,192886.9,176640.55,13.46
2007-08-31,19.61,19.99,19.38,18.15,222555.0,-7.08,-26.76,24.734,23.157,25.914,213768.2,186033.4,170881.25,13.34
2007-08-24,25.67,27.99,26.46,25.25,234663.0,1.38,5.5,26.026,23.516,26.245,233156.4,180479.4,166058.55,18.99
2007-08-17,25.45,25.9,25.08,24.37,138289.0,-0.37,-1.45,25.114,23.256,26.017,206304.8,182127.7,159743.35,11.19
2007-08-10,27.53,28.95,25.45,23.9,180758.0,-1.85,-6.78,24.224,22.938,25.833,192469.6,198364.2,161158.95,14.63
2007-08-03,26.5,28.0,27.3,24.81,292576.0,1.46,5.65,23.35,22.828,25.559,185606.6,202585.5,161735.9,23.68
